0	7972,1 8155,1 9080,1 11388,1 14963,1 21058,1 68464,1 74656,1 96596,1 248685,1 
1	1448,1 4136,1 5148,1 6215,1 18435,1 19223,1 32388,1 35546,1 36053,1 36054,1 
2	10892,1 20143,1 20144,1 20145,1 22326,1 22327,1 22328,1 22329,1 26293,1 46757,1 
3	6696,1 11127,1 11755,1 11758,1 13608,1 21905,1 23684,1 24322,1 46682,1 46683,1 
4	3018,1 4392,1 4394,1 4397,1 4398,1 4399,1 6981,1 28610,1 34373,1 155321,1 
5	15103,1 41721,1 44696,1 49062,1 54830,1 95316,1 100919,1 144918,1 150525,1 164528,1 
6	16735,1 25621,1 27615,1 34920,1 44193,1 
7	24424,1 35473,1 35474,1 35475,1 35476,1 36579,1 36580,1 36581,1 41063,1 115470,1 
8	7608,1 10102,1 18622,1 21841,1 21842,1 58229,1 93412,1 93413,1 93414,1 
9	5874,1 14669,1 18814,1 47109,1 55989,1 58891,1 129002,1 129003,1 129004,1 129005,1 
10	19905,1 59501,1 61053,1 
11	50678,1 
12	69826,1 177769,1 177770,1 177771,1 177772,1 177773,1 177775,1 177776,1 251039,1 299923,1 
13	35930,1 56278,1 83661,1 83662,1 83663,1 83665,1 83667,1 83668,1 83669,1 93016,1 
14	24319,1 24605,1 31859,1 33304,1 57565,1 91303,1 91304,1 91305,1 106627,1 113877,1 
15	590,1 6178,1 54313,1 54498,1 69047,1 95192,1 150984,1 153451,1 161580,1 161581,1 
